4294967294,0
4294967279,555
4294967279,336
27,6
4294967278,398
4294967279,538
4294967279,2
4294967279,88
4294967279,266
4294967278,257
4294967278,421
4294967278,382
4294967278,395
44,6
45,4
4294967279,317
4294967279,256
4294967279,255
4294967278,334
4294967278,364
4294967278,416
4294967279,319
4294967278,358
4294967279,541
4294967278,295
4294967278,294
4294967278,335
4294967279,0
4294967278,404
4294967278,384
4294967294,11
11,117
11,0
4294967294,922
4294967279,311
4294967278,379
4294967279,528
4294967278,321
4294967278,229
9,7
4294967279,309
4294967278,226
4294967278,444
4294967278,216
4294967279,307
4294967279,527
4294967278,249
4294967278,292
4294967278,88
4294967279,516
7,2
4294967278,317
4294967294,1420
4294967278,394
13,2
4294967278,362
4294967279,526
4294967278,359
4294967278,200
4294967278,199
4294967278,390
4294967279,525
4294967278,197
4294967294,471
4294967278,320
4294967278,194
4294967279,195
4294967278,193
4294967279,194
4294967278,192
4294967279,193
4294967278,191
4294967279,192
4294967278,312
4294967278,280
9,4
4294967279,294
4294967279,515
4294967278,354
4294967278,186
4294967279,187
4294967278,340
4294967279,574
4294967278,386
4294967278,183
4294967278,182
4294967278,181
4294967279,524
4294967278,286
4294967278,433
4294967279,330
12,1
12,15
12,2
4294967279,176
13,8
4294967279,173
4294967279,308
9,5
11,155
4294967294,480
4294967294,25
4294967294,1421
4294967294,973
28,4
27,4
24,6
3,6
11,87
4294967278,278
13,13
12,10
13,17
4,5
13,5
4294967279,260
4294967294,1434
4294967278,275
4294967278,174
4294967294,6
11,106
4294967279,158
13,7
34,7
12,8
4294967279,301
11,116
11,370
11,364
11,359
11,356
11,351
9,6
14,7
16,4
45,5
44,7
44,4
4294967294,473
4294967294,27
4294967294,970
4294967294,82
4294967294,1414
4294967294,68
35,4
6,4
6,5
0,5
2,5
11,7
11,9
11,5
11,322
11,362
11,353
11,93
11,169
4294967278,132
4294967278,131
4294967278,130
4294967278,129
4294967278,328
4294967278,128
4294967278,127
4294967278,126
4294967278,125
4294967278,124
4294967278,123
4294967278,122
4294967278,121
4294967278,120
4294967278,119
4294967278,118
4294967278,117
4294967278,116
4294967278,115
4294967278,114
4294967278,113
4294967278,112
4294967278,111
4294967278,110
4294967278,109
4294967278,108
4294967278,107
4294967278,106
4294967278,105
4294967278,104
4294967278,103
4294967278,102
4294967278,101
4294967278,100
4294967278,99
4294967278,98
4294967278,97
4294967278,96
4294967278,95
4294967278,94
4294967278,93
4294967278,92
4294967278,91
4294967278,90
4294967278,89
4294967278,87
4294967278,86
4294967278,85
4294967278,84
4294967278,83
4294967278,82
4294967278,81
4294967278,80
4294967278,79
4294967278,78
4294967278,77
4294967278,76
4294967278,75
4294967278,74
4294967278,73
4294967278,72
4294967278,71
4294967278,70
4294967278,69
4294967278,68
4294967278,67
4294967278,66
4294967278,65
4294967278,64
4294967279,77
4294967279,76
4294967279,75
4294967279,68
4294967279,67
4294967279,66
4294967279,65
4294967279,59
4294967279,58
4294967279,57
4294967279,56
4294967279,51
4294967279,49
4294967279,48
4294967279,47
4294967279,41
4294967279,40
4294967279,33
4294967279,32
4294967279,31
4294967279,342
4294967279,314
4294967279,24
4294967279,23
4294967279,22
4294967279,21
4294967279,14
4294967279,13
4294967279,12
4294967279,8
4294967279,7
4294967279,6
4294967279,5
4294967279,4
56,5
56,4
56,3
56,2
56,1
4294967294,487
4294967294,1443
4294967294,486
4294967294,485
4294967279,514
4294967294,484
4294967294,483
4294967294,482
4294967278,276
4294967278,269
4294967294,481
4294967279,318
4294967279,312
4294967278,378
4294967279,310
4294967278,369
4294967279,305
11,109
4294967279,304
4294967278,357
4294967278,355
4294967279,302
4294967278,348
4294967278,347
4294967278,333
4294967278,330
4294967278,327
4294967278,326
4294967279,279
4294967279,278
4294967278,325
4294967279,277
4294967278,324
4294967278,323
4294967279,157
4294967278,137
4294967278,447
4294967279,138
4294967279,134
4294967279,253
4294967278,445
4294967278,443
4294967279,245
4294967279,243
4294967279,241
4294967279,239
4294967278,442
4294967279,233
4294967279,225
4294967278,441
4294967279,221
4294967279,219
4294967279,215
4294967278,350
4294967279,381
4294967278,440
4294967279,231
4294967279,380
4294967279,295
4294967279,379
4294967279,378
4294967279,377
4294967278,438
55,4
55,3
55,2
55,1
4294967278,436
4294967279,375
4294967278,435
4294967278,432
4294967279,374
4294967278,431
4294967279,373
4294967279,372
4294967279,371
4294967278,429
4294967279,370
12,14
12,13
12,6
4294967278,427
4294967279,368
4294967279,367
4294967279,364
4294967279,363
4294967279,362
4294967278,426
4294967279,361
4294967279,360
4294967278,425
4294967279,358
4294967278,424
4294967278,423
4294967278,419
4294967279,357
4294967278,418
4294967279,356
18,7
18,6
4294967279,355
4294967279,353
4294967279,352
4294967278,417
4294967278,415
4294967279,351
12,12
4294967278,414
4294967278,413
4294967278,411
4294967279,347
4294967279,346
4294967279,345
4294967279,540
4294967279,344
4294967278,408
4294967278,407
4294967279,343
4294967278,406
4294967278,405
4294967279,341
13,9
4294967279,339
11,179
11,178
11,177
11,176
11,175
11,174
11,173
11,172
11,171
11,162
11,154
11,153
11,152
11,151
11,150
11,149
11,148
11,147
11,146
11,145
11,144
11,143
11,142
11,141
11,140
11,139
11,138
11,137
11,136
11,135
11,134
11,133
11,132
11,131
11,130
11,129
11,128
4294967278,403
4294967278,401
4294967279,338
4294967278,400
4294967278,399
4294967294,476
4294967278,319
4294967293,131
4294967293,130
4294967293,129
4294967293,128
4294967293,127
4294967293,126
4294967293,125
4294967293,124
4294967293,123
4294967293,122
4294967293,121
4294967293,120
4294967293,119
4294967293,118
4294967293,117
4294967293,116
4294967293,115
4294967293,114
4294967293,113
4294967293,112
4294967293,111
4294967293,110
4294967293,109
4294967293,108
4294967293,107
4294967293,106
4294967293,105
4294967293,104
4294967293,103
4294967293,102
4294967293,101
4294967293,100
4294967293,99
4294967293,98
4294967293,97
4294967293,96
